0.3732 0.3708 0.3888 0.3860 0.4098
0.3750 0.3292 0.3770 0.3776 0.3342
0.3736 0.3678 0.3698 0.3414 0.3598
0.3654 0.3652 0.3780 0.3732 0.3556
0.3500 0.3764 0.3618 0.3708 0.3782
0.3582 0.3768 0.3906 0.3832 0.3610
0.3680 0.3628 0.3700 0.3780 0.3632
0.3558 0.3634 0.3824 0.3570 0.3720
0.3658 0.3696 0.3568 0.3658 0.3580
0.3808 0.3676 0.3668 0.3750 0.3890
0.3614 0.3712 0.3540 0.3674 0.3782
0.3602 0.3722 0.3680 0.3528 0.3834
0.3550 0.3490 0.3624 0.3678 0.3650
0.3524 0.3600 0.3704 0.3814 0.3682
0.3588 0.3780 0.3672 0.3754 0.3608
0.3658 0.3556 0.3816 0.3732 0.3682
0.3804 0.3628 0.3550 0.3696 0.3694
0.3770 0.3646 0.3506 0.3736 0.3606
0.3710 0.3504 0.3622 0.3688 0.3642
0.3662 0.3670 0.3758 0.3650 0.3638
