0.4252 0.4362 0.4170 0.4218 0.4112
0.3800 0.3890 0.3776 0.3964 0.3858
0.3666 0.3520 0.3506 0.3758 0.3688
0.3690 0.3708 0.3476 0.3670 0.3812
0.3754 0.3710 0.3646 0.3718 0.3628
0.3580 0.3702 0.3554 0.3636 0.3686
0.3612 0.3652 0.3628 0.3840 0.3646
0.3608 0.3624 0.3480 0.3652 0.3690
0.3630 0.3552 0.3652 0.3682 0.3640
0.3646 0.3620 0.3554 0.3548 0.3560
0.3572 0.3622 0.3646 0.3586 0.3644
0.3702 0.3718 0.3636 0.3622 0.3570
0.3522 0.3622 0.3718 0.3598 0.3616
0.3636 0.3598 0.3588 0.3750 0.3612
0.3522 0.3688 0.3634 0.3570 0.3580
0.3416 0.3626 0.3644 0.3648 0.3578
0.3582 0.3624 0.3726 0.3658 0.3600
0.3562 0.3596 0.3546 0.3612 0.3624
0.3572 0.3618 0.3494 0.3608 0.3646
0.3636 0.3546 0.3656 0.3668 0.3654
