1 1 0.1333333
1 2 0.2
1 3 0.1111111
1 4 0.1333333
1 5 0.1333333
2 1 0
2 2 0.1111111
2 3 0.1111111
2 4 0.1111111
2 5 0
3 1 0.1777778
3 2 0.1111111
3 3 0.1555556
3 4 0.1111111
3 5 0.08888889
4 1 0.1777778
4 2 0.1111111
4 3 0.1555556
4 4 0.1555556
4 5 0.1333333
5 1 0.1111111
5 2 0
5 3 0.1555556
5 4 0.1111111
5 5 0.1111111
6 1 0.1555556
6 2 0
6 3 0.1333333
6 4 0
6 5 0.1777778
7 1 0.1555556
7 2 0.1333333
7 3 0.1555556
7 4 0.1555556
7 5 0.1555556
8 1 0
8 2 0.1111111
8 3 0
8 4 0
8 5 0.1333333
9 1 0.1555556
9 2 0.1333333
9 3 0.2
9 4 0
9 5 0.1333333
10 1 0.1111111
10 2 0.1333333
10 3 0
10 4 0.1111111
10 5 0.1555556
11 1 0.1555556
11 2 0.1555556
11 3 0.1333333
11 4 0
11 5 0.1333333
12 1 0.1333333
12 2 0.1333333
12 3 0.1777778
12 4 0.1333333
12 5 0.1555556
13 1 0
13 2 0
13 3 0
13 4 0.1555556
13 5 0.1333333
14 1 0.2
14 2 0.1333333
14 3 0.1333333
14 4 0.1333333
14 5 0.1555556
15 1 0.1333333
15 2 0.1555556
15 3 0.1111111
15 4 0.2
15 5 0.1555556
16 1 0.1555556
16 2 0.1333333
16 3 0.1333333
16 4 0.1555556
16 5 0.1777778
17 1 0.1777778
17 2 0
17 3 0.08888889
17 4 0
17 5 0.1333333
18 1 0.1777778
18 2 0.1333333
18 3 0
18 4 0.1555556
18 5 0.1555556
19 1 0.1555556
19 2 0.1555556
19 3 0.2
19 4 0.1555556
19 5 0.1555556
20 1 0.1555556
20 2 0.1111111
20 3 0.1333333
20 4 0.1111111
20 5 0.1777778

