0.1255 0.1235 0.1305 0.1195 0.1240
0.1285 0.1290 0.1245 0.1360 0.1265
0.1245 0.1295 0.1280 0.1340 0.1285
0.1275 0.1205 0.1240 0.1310 0.1320
0.1370 0.1260 0.1270 0.1310 0.1230
0.1305 0.1250 0.1255 0.1300 0.1310
0.1370 0.1305 0.1400 0.1355 0.1310
0.1265 0.1280 0.1245 0.1235 0.1310
0.1330 0.1235 0.1360 0.1310 0.1320
0.1330 0.1315 0.1360 0.1285 0.1370
0.1305 0.1260 0.1350 0.1300 0.1275
0.1355 0.1335 0.1320 0.1330 0.1265
0.1305 0.1325 0.1270 0.1275 0.1365
0.1340 0.1315 0.1300 0.1340 0.1310
0.1355 0.1300 0.1285 0.1285 0.1310
0.1315 0.1340 0.1350 0.1270 0.1255
0.1315 0.1315 0.1290 0.1335 0.1280
0.1290 0.1300 0.1385 0.1305 0.1340
0.1285 0.1305 0.1290 0.1345 0.1295
0.1325 0.1335 0.1310 0.1295 0.1335
